x                   	y                   
-------------------------------
0.0001666667        	0                   
0.001666667         	0                   
0.003166667         	0                   
0.0055              	0                   
0.007183333         	0                   
0.00885             	0                   
0.01118333          	0                   
0.01301667          	0                   
0.01468333          	0                   
0.01618333          	0                   
0.0177              	0                   
0.01953333          	0                   
0.02103333          	0                   
0.02253333          	0                   
0.02403333          	0                   
0.02553333          	0                   
0.0272              	0                   
0.0287              	0                   
0.03055             	0                   
0.03238333          	0                   
0.03538333          	0                   
0.03688333          	0                   
0.03921667          	0                   
0.04123333          	0                   
0.04273333          	0                   
0.0444              	0                   
0.04606667          	0                   
0.04773333          	0                   
0.04923333          	0                   
0.05206667          	0                   
0.05358334          	0                   
0.05508333          	0                   
0.05675             	0                   
0.05841667          	0                   
0.06058333          	0                   
0.06208333          	0                   
0.06393334          	0                   
0.0656              	0                   
0.0671              	0                   
0.06893333          	0                   
0.07043333          	0                   
0.07226667          	0                   
0.07393333          	0                   
0.07543334          	0                   
0.07711667          	0                   
0.07928333          	0                   
0.08078333          	0                   
0.08311667          	0                   
0.08461667          	0                   
0.08645             	0                   
0.08796667          	0                   
0.08946667          	0                   
0.09096666          	0                   
0.09296667          	0                   
0.09446666          	0                   
0.0963              	0                   
0.0978              	0                   
0.09931666          	0                   
0.1014833           	0                   
0.1029833           	0                   
0.1048167           	0                   
0.1074833           	0                   
0.1093167           	0                   
0.1113333           	0                   
0.1133333           	0                   
0.115               	0                   
0.1165              	0                   
0.1185              	0                   
0.12                	0                   
0.1216667           	0                   
0.1235167           	0                   
0.1250167           	0                   
0.12685             	0                   
0.12835             	0                   
0.13135             	0                   
0.1331833           	0                   
0.1347              	0                   
0.1363667           	0                   
0.1380333           	0                   
0.1398667           	0                   
0.1413667           	0                   
0.1428667           	0                   
0.1443667           	0                   
0.1462167           	0                   
0.1477167           	0                   
0.14955             	0                   
0.15105             	0                   
0.15255             	0                   
0.1548833           	0                   
0.1563833           	0                   
0.1579              	0                   
0.1599              	0                   
0.1617333           	0                   
0.1632333           	0                   
0.1650667           	0                   
0.1669              	0                   
0.1689167           	0                   
0.1704167           	0                   
0.1720833           	0                   
0.1735833           	0                   
0.1750833           	0                   
0.1769167           	0                   
0.1784167           	0                   
0.1799333           	0                   
0.1814333           	0                   
0.1832667           	0                   
0.1849333           	0                   
0.1871              	0                   
0.1886              	0                   
0.1904333           	0                   
0.1921167           	0                   
0.1936167           	0                   
0.1952833           	0                   
0.1967833           	0                   
0.19995             	0                   
0.2016167           	0                   
0.2031333           	0                   
0.2049667           	0                   
0.2068              	0                   
0.2083              	0                   
0.2098              	0                   
0.2113              	0                   
0.2128              	0                   
0.2144667           	0                   
0.21615             	0                   
0.2184833           	0                   
0.22115             	0                   
0.22265             	0                   
0.2244833           	0                   
0.2259833           	0                   
0.2276667           	0                   
0.2296667           	0                   
0.2311667           	0                   
0.2331667           	0                   
0.235               	0                   
0.237               	0                   
0.2395167           	0                   
0.2411833           	0                   
0.2426833           	0                   
0.2445167           	0                   
0.2460167           	0                   
0.2475167           	0                   
0.2491833           	0                   
0.2513667           	0                   
0.2528667           	0                   
0.2543667           	0                   
0.2560333           	0                   
0.2587              	0                   
0.2602              	0                   
0.2618833           	0                   
0.2638833           	0                   
0.2653833           	0                   
0.2668833           	0                   
0.2683833           	0                   
0.27005             	0                   
0.2718833           	0                   
0.2749              	0                   
0.2764              	0                   
0.2780667           	0                   
0.2795667           	0                   
0.2814              	0                   
0.2829              	0                   
0.2844167           	0                   
0.2859167           	0                   
0.28775             	0                   
0.2904167           	0                   
0.2919167           	0                   
0.2935833           	0                   
0.2950833           	0                   
0.2966              	0                   
0.2981              	0                   
0.2996              	0                   
0.3011              	0                   
0.3031              	0                   
0.3046              	0                   
0.3062667           	0                   
0.30795             	0                   
0.3097833           	0                   
0.3112833           	0                   
0.3131167           	0                   
0.31495             	0                   
0.31645             	0                   
0.31795             	0                   
0.3204667           	0                   
0.3219667           	0                   
0.3234667           	0                   
0.3249667           	0                   
0.3264667           	0                   
0.3283              	0                   
0.3301333           	0                   
0.33165             	0                   
0.3334833           	0                   
0.3363167           	0                   
0.3378167           	0                   
0.33965             	0                   
0.34165             	0                   
0.3436667           	0                   
0.3455              	0                   
0.347               	0                   
0.3491667           	0                   
0.3506667           	0                   
0.3533333           	0                   
0.35535             	0                   
0.3571833           	0                   
0.3586833           	0                   
0.36035             	0                   
0.3626833           	0                   
0.3646833           	0                   
0.3662              	0                   
0.3678667           	0                   
0.3693667           	0                   
0.3708667           	0                   
0.3723667           	0                   
0.3738667           	0                   
0.3757              	0                   
0.37755             	0                   
0.3802167           	0                   
0.3817167           	0                   
0.3832167           	0                   
0.3848833           	0                   
0.3868833           	0                   
0.3883833           	0                   
0.3899              	0                   
0.3914              	0                   
0.3929              	0                   
0.3957333           	0                   
0.3972333           	0                   
0.3987333           	0                   
0.4005833           	0                   
0.4024167           	0                   
0.4040833           	0                   
0.4055833           	0                   
0.4070833           	0                   
0.4109167           	0                   
0.4127667           	0                   
0.4142667           	0                   
0.4157667           	0                   
0.4189333           	0                   
0.4204333           	0                   
0.4221              	0                   
0.4236167           	0                   
0.4252833           	0                   
0.4267833           	0                   
0.4282833           	0                   
0.4297833           	0                   
0.4316167           	0                   
0.43395             	0                   
0.4354667           	0                   
0.4371333           	0                   
0.4386333           	0                   
0.4401333           	0                   
0.4416333           	0                   
0.4433              	0                   
0.4449667           	0                   
0.4468167           	0                   
0.4499833           	0                   
0.4518167           	0                   
0.4533167           	0                   
0.4549833           	0                   
0.4564833           	0                   
0.458               	0                   
0.4601667           	0                   
0.4616667           	0                   
0.4633333           	0                   
0.4653333           	0                   
0.4668333           	0                   
0.4683333           	0                   
0.4701833           	0                   
0.47185             	0                   
0.47335             	0                   
0.4761833           	0                   
0.47785             	0                   
0.4795167           	0                   
0.4813667           	0                   
0.4832              	0                   
0.4847              	0                   
0.4862              	0                   
0.4878667           	0                   
0.4895333           	0                   
0.4910333           	0                   
0.4928833           	0                   
0.4943833           	0                   
0.49605             	0                   
0.4977167           	0                   
0.4992167           	0                   
0.50105             	0                   
0.50405             	0                   
0.5059              	0                   
0.5074              	0                   
0.5092334           	0                   
0.5110667           	0                   
0.5125667           	0                   
0.5150667           	0                   
0.5165833           	0                   
0.51825             	0                   
0.51975             	0                   
0.5215833           	0                   
0.52325             	0                   
0.52475             	0                   
0.5264167           	0                   
0.5279334           	0                   
0.5296              	0                   
0.5311              	0                   
0.5326              	0                   
0.5354334           	0                   
0.5369334           	0                   
0.5384333           	0                   
0.53995             	0                   
0.5416167           	0                   
0.54345             	0                   
0.54495             	0                   
0.54695             	0                   
0.54845             	0                   
0.5501167           	0                   
0.5516334           	0                   
0.5533              	0                   
0.5548              	0                   
0.5564666           	0                   
0.5581333           	0                   
0.5598              	0                   
0.5613              	0                   
0.5629833           	0                   
0.5644833           	0                   
0.5663167           	0                   
0.5684834           	0                   
0.5699833           	0                   
0.57165             	0                   
0.57315             	0                   
0.5748333           	0                   
0.5766667           	0                   
0.5785              	0                   
0.5803334           	0                   
0.5818334           	0                   
0.585               	0                   
0.5865167           	0                   
0.58835             	0                   
0.58985             	0                   
0.59135             	0                   
0.59285             	0                   
0.59435             	0                   
0.59585             	0                   
0.5975333           	0                   
0.5990334           	0                   
0.6008667           	0                   
0.6040334           	0                   
0.6055334           	0                   
0.6070333           	0                   
0.60905             	0                   
0.6112167           	0                   
0.61305             	0                   
0.6147166           	0                   
0.6162167           	0                   
0.61805             	0                   
0.6217333           	0                   
0.6235667           	0                   
0.6250666           	0                   
0.6265666           	0                   
0.6280667           	0                   
0.6297333           	0                   
0.6325833           	0                   
0.6345834           	0                   
0.6365833           	0                   
0.63825             	0                   
0.6399167           	0                   
0.6414167           	0                   
0.6434333           	0                   
0.6454333           	0                   
0.6472667           	0                   
0.6491              	0                   
0.6517667           	0                   
0.6534333           	0                   
0.6551167           	0                   
0.65695             	0                   
0.65845             	0                   
0.65995             	0                   
0.66145             	0                   
0.66395             	0                   
0.6656167           	0                   
0.6671333           	0                   
0.6686333           	0                   
0.6701334           	0                   
0.6716334           	0                   
0.6731333           	0                   
0.6748              	0                   
0.6769667           	0                   
0.6784833           	0                   
0.68165             	0                   
0.68315             	0                   
0.68465             	0                   
0.6869833           	0                   
0.6884834           	0                   
0.6903333           	0                   
0.6918333           	0                   
0.6933333           	0                   
0.6948333           	0                   
0.6963333           	0                   
0.6981667           	0                   
0.6996667           	0                   
0.7016833           	0                   
0.7031834           	0                   
0.7046833           	0                   
0.7061833           	0                   
0.70785             	0                   
0.7095166           	0                   
0.7110167           	0                   
0.7125167           	0                   
0.7145333           	0                   
0.7160333           	0                   
0.7190334           	0                   
0.7208667           	0                   
0.7223667           	0                   
0.7238666           	0                   
0.72555             	0                   
0.72705             	0                   
0.7288833           	0                   
0.7303833           	0                   
0.7322167           	0                   
0.73505             	0                   
0.7370667           	0                   
0.7389              	0                   
0.7404              	0                   
0.7419              	0                   
0.7437333           	0                   
0.7455667           	0                   
0.7470667           	0                   
0.74875             	0                   
0.7504167           	0                   
0.75225             	0                   
0.75375             	0                   
0.7560833           	0                   
0.7575833           	0                   
0.75925             	0                   
0.7616              	0                   
0.7632667           	0                   
0.7652667           	0                   
0.7667667           	0                   
0.7682667           	0                   
0.7702667           	0                   
0.7736167           	0                   
0.7878              	0                   
0.7899666           	0                   
0.7916333           	0                   
0.7934667           	0                   
0.79565             	0                   
0.79715             	0                   
0.79965             	0                   
0.8013167           	0                   
0.8028167           	0                   
0.8043166           	0                   
0.806               	0                   
0.8075              	0                   
0.809               	0                   
0.8106667           	0                   
0.8121667           	0                   
0.8138334           	0                   
0.8153333           	0                   
0.8180166           	0                   
0.8195167           	0                   
0.8210167           	0                   
0.8226833           	0                   
0.82435             	0                   
0.82585             	0                   
0.8280166           	0                   
0.8295333           	0                   
0.8312              	0                   
0.8327              	0                   
0.8342              	0                   
0.8358667           	0                   
0.8373666           	0                   
0.8388667           	0                   
0.8403667           	0                   
0.8422167           	0                   
0.8442166           	0                   
0.8457167           	0                   
0.84805             	0                   
0.8497167           	0                   
0.8512167           	0                   
0.8530667           	0                   
0.8552333           	0                   
0.8567333           	0                   
0.8582333           	0                   
0.8597333           	0                   
0.8614              	0                   
0.8629              	0                   
0.8645833           	0                   
0.8664167           	0                   
0.86825             	0                   
0.86975             	0                   
0.8714167           	0                   
0.8734167           	0                   
0.8749167           	0                   
0.8764333           	0                   
0.8784333           	0                   
0.8801              	0                   
0.8821              	0                   
0.8847666           	0                   
0.8862666           	0                   
0.8877833           	0                   
0.8896167           	0                   
0.8916166           	0                   
0.8931167           	0                   
0.8947833           	0                   
0.8967834           	0                   
0.8988              	0                   
0.9009666           	0                   
0.9024667           	0                   
0.9039667           	0                   
0.9056333           	0                   
0.9074667           	0                   
0.9093              	0                   
0.91115             	0                   
0.9129834           	0                   
0.91515             	0                   
0.91665             	0                   
0.9184833           	0                   
0.9199833           	0                   
0.9214833           	0                   
0.9246666           	0                   
0.9261667           	0                   
0.9276667           	0                   
0.93                	0                   
0.9316667           	0                   
0.9331667           	0                   
0.9350167           	0                   
0.9370167           	0                   
0.93885             	0                   
0.94035             	0                   
0.94185             	0                   
0.9435167           	0                   
0.9452              	0                   
0.9472              	0                   
0.9513667           	0                   
0.9533666           	0                   
0.9552              	0                   
0.95705             	0                   
0.95855             	0                   
0.96005             	0                   
0.9623833           	0                   
0.96405             	0                   
0.96605             	0                   
0.9682333           	0                   
0.9702333           	0                   
0.9722334           	0                   
0.9740667           	0                   
0.9755667           	0                   
0.9770667           	0                   
0.9792333           	0                   
0.9810833           	0                   
0.9829167           	0                   
0.9849167           	0                   
0.98675             	0                   
0.98825             	0                   
0.9899167           	0                   
0.9916              	0                   
0.9936              	0                   
0.9952667           	0                   
0.9972667           	0                   
1.0016              	0                   
1.003117            	0                   
1.005117            	0                   
1.007283            	0                   
1.00895             	0                   
1.01045             	0                   
1.012117            	0                   
1.013617            	0                   
1.015133            	0                   
1.017467            	0                   
1.019133            	0                   
1.020633            	0                   
1.023133            	0                   
1.024967            	0                   
1.026483            	0                   
1.027983            	0                   
1.029483            	0                   
1.030983            	0                   
1.032817            	0                   
1.035317            	0                   
1.036817            	0                   
1.038667            	0                   
1.040667            	0                   
1.042333            	0                   
1.043833            	0                   
1.045333            	0                   
1.047               	0                   
1.048833            	0                   
1.051017            	0                   
1.052517            	0                   
1.054017            	0                   
1.055517            	0                   
1.057017            	0                   
1.059517            	0                   
1.061033            	0                   
1.062533            	0                   
1.064367            	0                   
1.065867            	0                   
1.069033            	0                   
1.070533            	0                   
1.072383            	0                   
1.073883            	0                   
1.075383            	0                   
1.076883            	0                   
1.078883            	0                   
1.080717            	0                   
1.08255             	0                   
1.084233            	0                   
1.085733            	0                   
1.087233            	0                   
1.0889              	0                   
1.0904              	0                   
1.092233            	0                   
1.095067            	0                   
1.096583            	0                   
1.098417            	0                   
1.099917            	0                   
1.101417            	0                   
1.103083            	0                   
1.104583            	0                   
1.106083            	0                   
1.1076              	0                   
1.1096              	0                   
1.1111              	0                   
1.1126              	0                   
1.1141              	0                   
1.115767            	0                   
1.1176              	0                   
1.119617            	0                   
1.12145             	0                   
1.12295             	0                   
1.125283            	0                   
1.126783            	0                   
1.128617            	0                   
1.130633            	0                   
1.132467            	0                   
1.134133            	0                   
1.135633            	0                   
1.1373              	0                   
1.1388              	0                   
1.142317            	0                   
1.143983            	0                   
1.14565             	0                   
1.14765             	0                   
1.14915             	0                   
1.15065             	0                   
1.15215             	0                   
1.154               	0                   
1.1555              	0                   
1.157               	0                   
1.158667            	0                   
1.160167            	0                   
1.161667            	0                   
1.163167            	0                   
1.165017            	0                   
1.166517            	0                   
1.168017            	0                   
1.170683            	0                   
1.17235             	0                   
1.174017            	0                   
1.17585             	0                   
1.1777              	0                   
1.1792              	0                   
1.182533            	0                   
1.184033            	0                   
1.185533            	0                   
1.187533            	0                   
1.18905             	0                   
1.190717            	0                   
1.192383            	0                   
1.193883            	0                   
1.195383            	0                   
1.197717            	0                   
1.199383            	0                   
1.2009              	0                   
1.2024              	0                   
1.2039              	0                   
1.2054              	0                   
1.2069              	0                   
1.2084              	0                   
1.2099              	0                   
1.211583            	0                   
1.213083            	0                   
1.214583            	0                   
1.21625             	0                   
1.217917            	0                   
1.21975             	0                   
1.221417            	0                   
1.223267            	0                   
1.224767            	0                   
1.226933            	0                   
1.228433            	0                   
1.229933            	0                   
1.231767            	0                   
1.233267            	0                   
1.23495             	0                   
1.236617            	0                   
1.238117            	0                   
1.240117            	0                   
1.242117            	0                   
1.243617            	0                   
1.245117            	0                   
1.2468              	0                   
1.248633            	0                   
1.2513              	0                   
1.252967            	0                   
1.254633            	0                   
1.256133            	0                   
1.25815             	0                   
1.25965             	0                   
1.261483            	0                   
1.262983            	0                   
1.264983            	0                   
1.26665             	0                   
1.26815             	0                   
1.269667            	0                   
1.271167            	0                   
1.272667            	0                   
1.274167            	0                   
1.276167            	0                   
1.278               	0                   
1.2795              	0                   
1.281517            	0                   
1.283183            	0                   
1.284683            	0                   
1.286183            	0                   
1.28785             	0                   
1.289517            	0                   
1.29135             	0                   
1.293033            	0                   
1.294533            	0                   
1.296033            	0                   
1.2977              	0                   
1.2992              	0                   
1.301367            	0                   
1.302867            	0                   
1.304383            	0                   
1.305883            	0                   
1.307383            	0                   
1.31055             	0                   
1.312383            	0                   
1.31405             	0                   
1.316233            	0                   
1.3179              	0                   
1.3199              	0                   
1.321567            	0                   
1.3234              	0                   
1.325233            	0                   
1.327067            	0                   
1.32925             	0                   
1.33075             	0                   
1.33275             	0                   
1.33425             	0                   
1.33575             	0                   
1.33725             	0                   
1.33875             	0                   
1.341767            	0                   
1.343267            	0                   
1.344767            	0                   
1.346267            	0                   
1.348267            	0                   
1.349767            	0                   
1.351283            	0                   
1.352783            	0                   
1.35495             	0                   
1.35645             	0                   
1.35795             	0                   
1.35945             	0                   
1.36195             	0                   
1.363467            	0                   
1.364967            	0                   
1.3668              	0                   
1.3688              	0                   
1.3703              	0                   
1.3718              	0                   
1.373467            	0                   
1.37515             	0                   
1.376983            	0                   
1.378483            	0                   
1.379983            	0                   
1.381483            	0                   
1.38315             	0                   
1.384817            	0                   
1.386333            	0                   
1.389333            	0                   
1.390833            	0                   
1.392333            	0                   
1.394               	0                   
1.395667            	0                   
1.397683            	0                   
1.399183            	0                   
1.400683            	0                   
1.402183            	0                   
1.404183            	0                   
1.40585             	0                   
1.40735             	0                   
1.408867            	0                   
1.410367            	0                   
1.411867            	0                   
1.414867            	0                   
1.416367            	0                   
1.417867            	0                   
1.4197              	0                   
1.421217            	0                   
1.422717            	0                   
1.42455             	0                   
1.42605             	0                   
1.427717            	0                   
1.430383            	0                   
1.4334              	0                   
1.435233            	0                   
1.437067            	0                   
1.4389              	0                   
1.4414              	0                   
1.443067            	0                   
1.444917            	0                   
1.446417            	0                   
1.447917            	0                   
1.450083            	0                   
1.45275             	0                   
1.45425             	0                   
1.4561              	0                   
1.457767            	0                   
1.459267            	0                   
1.4611              	0                   
1.4626              	0                   
1.4641              	0                   
1.4656              	0                   
1.468783            	0                   
1.47045             	0                   
1.47195             	0                   
1.47345             	0                   
1.475283            	0                   
1.477283            	0                   
1.4793              	0                   
1.4808              	0                   
1.482467            	0                   
1.484633            	0                   
1.486133            	0                   
1.488133            	0                   
1.49015             	0                   
1.49165             	0                   
1.49315             	0                   
1.49465             	0                   
1.49615             	0                   
1.49765             	0                   
1.49915             	0                   
1.50065             	0                   
1.523683            	9058.461            
1.534367            	9420.604            
1.5489              	9090.035            
1.55975             	8713.869            
1.57025             	8467.73             
1.579433            	8456.942            
1.589617            	8258.389            
1.598633            	8281.129            
1.61015             	8266.934            
1.618833            	8588.87             
1.63185             	8013.568            
1.642033            	8237.512            
1.6512              	7913.116            
1.661383            	7809.942            
1.670733            	7703.528            
1.682917            	7989.36             
1.6921              	7895.258            
1.701283            	7850.913            
1.711633            	7922.906            
1.720467            	7677.383            
1.728983            	7462.946            
1.737667            	7773.355            
1.74635             	7963.711            
1.75485             	7598.91             
1.763367            	7758.749            
1.77205             	7631.16             
1.7804              	7754.928            
1.788733            	7602.05             
1.793917            	7749.728            
1.806267            	7526.916            
1.815283            	7421.301            
1.823783            	7485.958            
1.8323              	7471.744            
1.841317            	7616.645            
1.85                	7619.421            
1.858333            	7593.563            
1.867017            	7636.63             
1.875533            	7618.552            
1.883883            	7539.488            
1.892717            	7610.636            
1.901733            	7596.369            
1.910083            	7426.341            
1.9186              	7467.958            
1.926933            	7602.948            
1.935783            	7460.651            
1.9443              	7758.642            
1.953317            	7517.427            
1.96165             	7384.087            
1.970333            	7326.561            
1.97935             	7271.534            
1.98785             	7159.226            
1.996533            	7561.525            
2.005217            	7763.25             
2.0139              	7502.667            
2.022567            	7394.439            
2.031083            	7352.987            
2.039767            	7417.052            
2.048783            	7368.087            
2.057633            	7178.43             
2.0663              	7316.008            
2.07465             	7400.061            
2.083167            	7178.436            
2.091833            	7212.247            
2.10085             	7277.232            
2.109867            	7223.942            
2.118383            	7247.682            
2.1274              	7048.387            
2.135733            	7020.017            
2.144417            	7059.209            
2.152933            	6986.752            
2.16195             	7056.157            
2.17095             	7117.071            
2.1793              	7080.12             
2.18815             	7060.982            
2.196667            	7248.198            
2.205167            	7000.58             
2.214183            	6843.664            
2.222867            	7196.623            
2.231383            	6985.661            
2.24005             	6842.913            
2.248733            	7156.591            
2.257417            	6878.342            
2.266433            	7003.455            
2.274933            	7150.136            
2.28345             	6872.063            
2.292133            	7099.792            
2.300633            	6862.421            
2.30965             	6870.503            
2.318667            	6880.35             
2.327017            	6799.277            
2.335517            	7022.852            
2.344367            	6985.351            
2.35305             	6656.437            
2.361567            	6797.271            
2.370233            	7017.74             
2.379083            	6735.242            
2.387767            	6677.633            
2.396283            	6854.263            
2.4053              	6647.966            
2.413967            	6659.287            
2.422817            	6997.54             
2.4315              	6868.706            
2.440183            	6949.38             
2.449183            	7262.507            
2.4577              	6777.903            
2.46655             	7008.708            
2.4749              	6896.588            
2.4834              	7029.225            
2.492083            	6884.528            
2.500767            	7124.865            
2.509267            	6475.375            
2.51795             	6693.169            
2.5268              	6948.764            
2.535317            	6963.906            
2.543983            	6853.167            
2.5525              	7043.316            
2.561017            	6663.96             
2.5697              	6850.548            
2.578367            	7002.029            
2.586883            	6663.278            
2.595567            	6758.853            
2.60425             	6860.542            
2.613083            	7170.518            
2.621433            	6943.453            
2.62995             	6927.636            
2.6388              	6860.125            
2.6473              	6963.177            
2.655817            	6894.582            
2.664167            	6997.416            
2.67285             	6839.22             
2.68135             	7016.807            
2.6902              	7115.539            
2.698883            	7356.368            
2.7074              	7348.251            
2.7159              	7182.315            
2.724583            	6949.996            
2.7331              	7366.574            
2.742117            	7218.836            
2.75095             	7244.377            
2.759467            	7128.826            
2.767983            	6924.536            
2.776667            	6969.58             
2.785167            	7310.121            
2.793683            	7054.304            
2.8022              	7105.355            
2.8107              	7129.32             
2.819217            	7206.699            
2.8279              	7315.949            
2.836417            	7051.726            
2.844917            	7130.781            
2.853267            	7059.439            
2.862117            	7126.178            
2.871133            	7203.366            
2.879467            	7096.146            
2.887983            	7094.405            
2.896667            	7025.769            
2.905183            	6906.122            
2.914183            	7032.606            
2.923033            	7087.422            
2.93155             	6918.022            
2.9399              	6800.468            
2.948733            	7093.56             
2.95775             	6662.059            
2.966267            	6991.829            
2.974783            	7181.886            
2.983283            	6970.753            
2.991967            	7141.433            
3.000483            	7127.599            
3.009167            	6891.994            
3.017667            	6891.922            
3.02635             	6796.449            
3.034867            	6846.904            
3.043717            	6944.672            
3.052383            	6622.08             
3.061567            	6907.534            
3.070083            	6842.284            
3.0786              	6959.175            
3.0871              	6837.154            
3.095617            	6694.077            
3.104133            	6908.926            
3.11265             	6427.321            
3.12115             	6784.125            
3.13                	6618.006            
3.13885             	6680.996            
3.147867            	6561.354            
3.1562              	6804.249            
3.164717            	6528.248            
3.173067            	6765.977            
3.182083            	6679.213            
3.190417            	6632.631            
3.198933            	6571.342            
3.207617            	6802.757            
3.21645             	6655.279            
3.224967            	6682.486            
3.233317            	6791.496            
3.241667            	6823.246            
3.250167            	6800.921            
3.258517            	6922.964            
3.2672              	6729.919            
3.275883            	6801.402            
3.284717            	6953.201            
3.293567            	7038.069            
3.302417            	6716.444            
3.310767            	6855.167            
3.319267            	6890.009            
3.328283            	7009.611            
3.3373              	6793.861            
3.345817            	6623.916            
3.354483            	6846.141            
3.363               	6809.789            
3.371683            	6714.237            
3.380033            	6831.563            
3.388533            	7063.1              
3.397217            	7166.193            
3.4059              	7181.317            
3.414583            	6947.66             
3.423083            	7234.642            
3.4316              	6976.647            
3.440117            	7054.79             
3.448633            	6918.926            
3.456967            	6920.623            
3.465817            	6882.51             
3.475333            	7093.554            
3.48435             	6808.797            
3.492683            	6862.743            
3.501867            	7052.479            
3.510383            	6990.989            
3.5194              	7160.547            
3.528067            	7374.561            
3.53675             	6892.482            
3.5466              	7005.493            
3.555117            	7050.218            
3.563617            	6803.991            
3.572133            	7098.356            
3.580983            	6914.296            
3.589333            	6836.979            
3.598833            	6845.208            
3.607683            	6701.58             
3.6162              	6794.442            
3.624717            	6932.996            
3.633717            	6982.199            
3.642233            	7087.667            
3.651083            	6758.524            
3.6596              	7032.876            
3.668267            	7330.11             
3.676617            	6837.983            
3.685633            	6836.875            
3.69415             	7085.626            
3.702817            	7106.066            
3.711833            	7054.645            
3.72085             	7176.241            
3.7297              	6960.166            
3.738717            	7093.672            
3.747717            	7219.129            
3.756567            	7105.58             
3.765083            	7136.532            
3.7736              	7028.604            
3.7821              	7207.211            
3.79045             	7411.594            
3.79595             	7180.273            
3.807817            	7127.623            
3.816483            	7148.634            
3.825167            	7383.411            
3.833683            	7388.119            
3.842533            	7176.422            
3.8517              	7033.816            
3.860217            	7045.441            
3.869233            	7145.859            
3.87775             	7115.597            
3.88775             	6735.237            
3.896267            	7090.074            
3.905617            	7349.648            
3.914133            	6948.436            
3.922633            	6905.575            
3.93115             	7290.08             
3.9395              	7589.156            
3.948017            	7340.804            
3.95635             	7224.665            
3.964867            	7114.523            
3.973217            	7347.976            
3.981733            	7349.102            
3.990233            	7503.993            
3.99875             	7244.672            
4.0071              	7205.186            
4.015767            	7121.542            
4.02445             	7221.343            
4.033134            	6963.765            
4.041483            	6741.898            
4.05015             	6900.469            
4.058667            	6994.336            
4.067517            	6951.357            
4.075867            	6866.863            
4.0852              	6912.958            
4.094217            	6900.962            
4.103233            	6814.32             
4.11225             	6731.739            
4.121767            	7019.161            
4.130767            	6867.925            
4.139616            	6868.612            
4.148133            	6883.05             
4.156483            	6993.583            
4.164983            	6848.323            
4.1735              	7005.943            
4.182017            	6977.198            
4.190367            	6756.846            
4.1992              	7018.051            
4.20755             	6982.386            
4.216233            	7008.624            
4.224733            	6793.778            
4.23325             	6921.762            
4.2416              	6752.444            
4.24995             	6831.892            
4.25845             	6931.157            
4.266967            	6720.687            
4.27565             	6703.656            
4.284167            	6965.284            
4.292833            	6410.994            
4.301517            	7017.758            
4.310534            	6826.644            
4.318883            	6701.608            
4.32755             	6884.036            
4.336067            	6955.63             
4.34475             	7007.611            
4.353433            	6974.634            
4.361933            	7063.576            
4.370616            	6879.177            
4.3798              	6792.998            
4.388484            	6957.216            
4.39715             	7142.594            
4.4055              	6903.984            
4.41435             	6705.411            
4.4227              	7008.186            
4.431366            	7032.905            
4.440217            	6942.365            
4.449067            	7102.949            
4.457583            	7300.021            
4.466084            	7167.46             
4.4746              	7441.401            
4.483117            	7149.555            
4.49145             	7313.812            
4.499967            	7070.824            
4.508483            	7534.635            
4.517334            	7169.661            
4.525667            	7425.903            
4.534017            	7004.341            
4.542867            	7186.2              
4.551717            	7637.732            
4.560217            	7443.638            
4.569067            	7129.788            
4.577917            	6938.716            
4.5866              	7300.502            
4.595433            	7392.02             
4.60395             	7512.046            
4.6128              	7501.987            
4.621316            	7483.158            
4.630317            	7461.673            
4.638667            	7741.055            
4.64735             	7845.262            
4.656034            	7948.066            
4.665033            	7763.967            
4.67355             	7588.03             
4.682233            	7741.577            
4.690917            	8066.435            
4.69975             	7785.881            
4.7086              	7603.001            
4.717283            	7684.038            
4.7263              	7632.046            
4.7348              	7765.275            
4.74315             	7683.521            
4.7515              	7658.245            
4.75985             	7526.123            
4.76885             	7644.452            
4.7772              	7816.662            
4.785883            	7783.556            
4.7944              	7948.03             
4.803233            	7703.217            
4.812083            	7512.45             
4.8211              	7691.567            
4.829617            	8064.116            
4.83845             	8112.03             
4.846967            	8091.195            
4.85515             	8486.516            
4.863667            	8077.056            
4.8725              	8181.152            
4.881017            	8247.448            
4.8897              	7667.064            
4.898883            	7905.616            
4.907217            	7736.898            
4.9159              	7913.457            
4.924583            	8260.764            
4.9331              	8045.382            
4.9416              	8156.204            
4.950117            	8785.526            
4.958633            	8675.427            
4.967484            	8564.723            
4.975983            	7938.786            
4.984833            	7656.547            
4.993683            	8023.499            
5.002033            	7720.318            
5.011034            	8102.663            
5.02005             	8299.545            
5.029067            	8258.275            
5.03775             	8007.993            
5.046916            	7975.292            
5.055433            	7503.674            
5.06395             	8106.489            
5.072467            	7814.776            
5.081133            	7635.661            
5.089483            	7943.393            
5.098               	8159.145            
5.106683            	8072.209            
5.115183            	8078.389            
5.1237              	8147.524            
5.13255             	8073.037            
5.141233            	8002.504            
5.150233            	8177.32             
5.158583            	7858.219            
5.167433            	8007.47             
5.17645             	7790.058            
5.18495             	7952.685            
5.193634            	7704.702            
5.202483            	7885.849            
5.211               	7792.969            
5.22                	7657.891            
5.228517            	7451.865            
5.2372              	7648.3              
5.245717            	7464.131            
5.254384            	7884.212            
5.263233            	7646.605            
5.271584            	7617.161            
5.2801              	7487.472            
5.2886              	7997.281            
5.29745             	8100.737            
5.305967            	8012.934            
5.31465             	7651.112            
5.323483            	7649.874            
5.332167            	7316.458            
5.341017            	7862.268            
5.349367            	7533.899            
5.357867            	7722.484            
5.366384            	7597.76             
5.3754              	7359.559            
5.384083            	7305.189            
5.392583            	7390.324            
5.4016              	7383.499            
5.40995             	7193.882            
5.418617            	7416.922            
5.427134            	7254.524            
5.43565             	7235.81             
5.4445              	7140.863            
5.453               	7145.529            
5.462183            	7210.431            
5.4707              	7270.986            
5.47955             	7218.308            
5.4884              	7167.536            
5.497233            	7208.019            
5.505583            	7142.107            
5.5146              	7469.672            
5.52345             	7294.591            
5.53195             	7314.392            
5.540633            	7335.387            
5.549317            	7241.566            
5.557817            	7310.509            
5.566667            	7394.867            
5.575016            	7443.544            
5.583533            	7463.673            
5.5922              	7463.949            
5.600883            	7777.252            
5.6094              	7542.458            
5.618083            	7372.371            
5.626583            	7546.847            
5.6356              	7625.144            
5.644283            	7513.746            
5.6528              	8063.947            
5.661633            	7970.648            
5.670317            	7893.785            
5.678833            	7663.126            
5.687683            	8068.477            
5.696517            	7558.25             
5.705367            	7593.089            
5.714217            	7803.005            
5.7229              	7329.844            
5.731917            	7341.36             
5.74025             	7370.288            
5.7491              	7391.745            
5.757617            	7385.477            
5.76645             	7611.065            
5.7748              	7124.249            
5.794667            	7264.82             
5.803683            	7531.699            
5.812517            	7602.502            
5.821033            	7798.328            
5.829717            	8117.165            
5.8384              	8467.911            
5.847233            	8175.753            
5.85575             	8172.073            
5.8641              	7867.092            
5.872617            	8221.226            
5.881283            	8312.68             
5.890133            	8428.407            
5.898983            	8302.572            
5.9075              	8674.378            
5.9165              	8659.055            
5.925183            	8491.052            
5.9337              	8555.484            
5.94205             	8422.808            
5.95105             	8175.553            
5.959733            	8122.012            
5.968417            	8254.068            
5.976767            	8082.52             
5.985267            	8009.77             
5.993617            	7883.614            
6.002133            	7533.56             
6.01115             	7339.318            
6.01965             	7264.114            
6.0285              	7719.202            
6.03685             	7800.804            
6.0457              	7648.472            
6.054533            	7960.876            
6.063217            	7658.525            
6.072233            	7581.419            
6.08125             	7536.547            
6.09025             	7708.175            
6.098933            	7795.786            
6.107617            	7607.677            
6.115967            	7621.134            
6.124967            	8159.191            
6.133983            	8140.957            
6.142334            	8221.23             
6.15085             	8780.104            
6.159184            	8490.704            
6.168033            	8684.683            
6.176883            	8735.336            
6.185567            	8654.521            
6.194567            	8932.137            
6.203417            	9211.353            
6.2121              	9208.243            
6.220783            	9577.089            
6.229617            	9767.438            
6.238133            	9163.087            
6.24665             	8877.984            
6.255333            	8624.744            
6.264               	8323.596            
6.272683            	8134.042            
6.281367            	8068.264            
6.29005             	8350.557            
6.29855             	8334.23             
6.348467            	7792.458            
6.357467            	8701.552            
6.365983            	8679.779            
6.374333            	9387.177            
6.38285             	10113.44            
6.391683            	10409.63            
6.4007              	10119.04            
6.40955             	9617.448            
6.418067            	9462.241            
6.4264              	9370.054            
6.434916            	9359.29             
6.443767            	9304.838            
6.45295             	9562.285            
6.46195             	9228.22             
6.470634            	9074.903            
6.47965             	9097.551            
6.488167            	8767.979            
6.496666            	8318.055            
6.505017            	8551.144            
6.513533            	8427.544            
6.522217            	8415.172            
6.53055             	8499.11             
6.5389              	8018.714            
6.547417            	8507.414            
6.555767            	8218.407            
6.564433            	8268.621            
6.572783            	8257.688            
6.581467            	8316.123            
6.59015             	8114.875            
6.598484            	8010.633            
6.608333            	8291.065            
6.61685             	8302.968            
6.625867            	8342.675            
6.636883            	8250.334            
6.645216            	8653.032            
6.653733            	8795.768            
6.662416            	9051.967            
6.670933            	8894.265            
6.679266            	9114.958            
6.688783            	8338.667            
6.6973              	7896.355            
6.707817            	8300.948            
6.716317            	7936.515            
6.724667            	8183.793            
6.733517            	8030.775            
6.742533            	8431.917            
6.7512              	7996.448            
6.76005             	7843.482            
6.771067            	8254.061            
6.780583            	7952.255            
6.793433            	7835.67             
6.80345             	8024.635            
6.8123              	8198.313            
6.820633            	7851.112            
6.82915             	7845.613            
6.837833            	7994.358            
6.846517            	8501.786            
6.85485             	8207.199            
6.8632              	8039.073            
6.871716            	7913.367            
6.8804              	8136.108            
6.889067            	8023.198            
6.898083            	8217.651            
6.906433            	8052.401            
6.91495             	7989.828            
6.92345             	7924.825            
6.932967            	8000.022            
6.943817            	7580.927            
6.952167            	7392.008            
6.960516            	7789.636            
6.969017            	7996.958            
6.977366            	8130.944            
6.986383            	8093.907            
6.9954              	7720.529            
7.004066            	8075.079            
7.01275             	8212.563            
7.021266            	7932.625            
7.029767            	7903.544            
7.038784            	8174.039            
7.047467            	8269.442            
7.056317            	8793.696            
7.06465             	9288.235            
7.0735              	9181.745            
7.082684            	8662.041            
7.091033            	8614.813            
7.09955             	8754.815            
7.107883            	8483.464            
7.116233            	8493.91             
7.12525             	8317.269            
7.13375             	8153.17             
7.1421              	8152.172            
7.150617            	7984.763            
7.1593              	7974.399            
7.1683              	8268.717            
7.176816            	8143.715            
7.1855              	8382.23             
7.19435             	8194.363            
7.203017            	8424.287            
7.2117              	8258.375            
7.22055             	8592.255            
7.229233            	8277.365            
7.237566            	8304.957            
7.246417            	8089.165            
7.254933            	8184.885            
7.263783            	7889.417            
7.272617            	7938.217            
7.281133            	8312.398            
7.289817            	8529.779            
7.298666            	8319.923            
7.307167            	8467.078            
7.315683            	8505.565            
7.324033            	8720.103            
7.332716            	8464.077            
7.341717            	8261.34             
7.350234            	8425.122            
7.359083            	8325.328            
7.367767            	8396.069            
7.3761              	8195.837            
7.384617            	8505.712            
7.3933              	8523.659            
7.40215             	8343.96             
7.410817            	8466.378            
7.419667            	8769.716            
7.428184            	8410.73             
7.436867            	8710.172            
7.445367            	8483.709            
7.45405             	8169.919            
7.462733            	8305.578            
7.471416            	8257.977            
7.480083            	8005.562            
7.488433            	8173.441            
7.49695             	7716.023            
7.505466            	7949.755            
7.513967            	8139.302            
7.52265             	8311.165            
7.531               	8610.917            
7.540017            	8279.181            
7.548517            	8338.913            
7.557034            	8285.014            
7.565717            	8422.187            
7.574217            	8319.835            
7.582733            	8344.089            
7.591084            	8542.661            
7.599767            	8468.884            
7.6081              	8623.112            
7.616617            	8948.129            
7.624967            	8758.837            
7.633483            	8540.057            
7.641817            	8670.533            
7.650333            	8280.729            
7.658683            	8517.185            
7.667533            	8314.229            
7.676367            	8643.055            
7.684717            	8334.928            
7.693067            	8190.678            
7.701567            	8095.639            
7.709917            	7869.592            
7.718266            	8172.509            
7.726783            	8064.985            
7.73545             	8119.934            
7.744133            	8065.981            
7.752483            	7992.434            
7.7615              	8325.854            
7.770167            	8321.829            
7.779016            	8177.79             
7.7877              	8154.843            
7.796216            	7992.175            
7.80455             	8114.36             
7.8134              	8336.166            
7.82225             	7915.469            
7.831267            	8333.251            
7.839933            	7908.397            
7.84845             	8155.348            
7.8573              	8395.338            
7.865817            	7969.739            
7.874317            	8482.637            
7.8835              	8193.207            
7.892183            	7903.48             
7.9007              	8001.12             
7.9092              	7975.649            
7.917717            	8065.066            
7.9264              	7979.388            
7.935417            	8053.517            
7.945933            	7659.324            
7.9546              	7581.596            
7.965117            	7973.272            
7.974133            	7626.856            
7.983984            	8203.237            
7.993333            	7888.837            
8.001833            	7853.294            
8.010517            	8205.515            
8.019033            	7800.986            
8.027884            	7642.919            
8.03605             	7798.557            
8.045067            	7855.854            
8.053917            	7786.877            
8.062933            	7743.654            
8.071767            	8047.32             
8.080617            	7703.997            
8.088966            	7606.175            
8.09765             	7448.778            
8.106483            	7475.804            
8.115               	7823.616            
8.123683            	7553.338            
8.132033            	7635.978            
8.1407              	7694.143            
8.14905             	7798.228            
8.157233            	7777.264            
8.165733            	8244.278            
8.174084            	8163.787            
8.1826              	8047.959            
8.19145             	7943.258            
8.200283            	7811.49             
8.2088              	8093.18             
8.21765             	7606.263            
8.226334            	7539.029            
8.234834            	7856.499            
8.243683            	7693.838            
8.252367            	7696.596            
8.261383            	7660.979            
8.269716            	7313.083            
8.2784              	7682.446            
8.286917            	7684.038            
8.295433            	7805.54             
8.3041              	7599.063            
8.312616            	7723.398            
8.3213              	7912.66             
8.33015             	8058.012            
8.33865             	7945.601            
8.347667            	7790.897            
8.356183            	8005.951            
8.364866            	7646.037            
8.373533            	8020.364            
8.38205             	7540.743            
8.390734            	8168.265            
8.39975             	8121.244            
8.40875             	7737.197            
8.417434            	8202.373            
8.425783            	7478.898            
8.4348              	7887.324            
8.4433              	7911.11             
8.45215             	8047.285            
8.460834            	7564.435            
8.469517            	8097.533            
8.478184            	8084.768            
8.4867              	7948.828            
8.49555             	7764.716            
8.5039              	8072.773            
8.5129              	7658.354            
8.521584            	7873.508            
8.5301              	7973.923            
8.539117            	7849.608            
8.548117            	8059.098            
8.557134            	8191.822            
8.56565             	7902.993            
8.574166            	8290.255            
8.582833            	7752.268            
8.591184            	7859.099            
8.600866            	8148.868            
8.609217            	7650.809            
8.618234            	7795.792            
8.627067            	8111.073            
8.635417            	7367.102            
8.6446              	7809.884            
8.65295             	7683.093            
8.661783            	7794.79             
8.6703              	7481.386            
8.67865             	7236.061            
8.68715             	7869.147            
8.696333            	7686.391            
8.70485             	7690.101            
8.713367            	7902.201            
8.721867            	7710.6              
8.730717            	7381.375            
8.739233            	7631.348            
8.74825             	7629.604            
8.756917            	7598.047            
8.765767            	7194.581            
8.77445             	7525.878            
8.783134            	7368.868            
8.791634            	7515.712            
8.800817            	7494.162            
8.811666            	7537.246            
8.821016            	7756.699            
8.8297              	7644.089            
8.838217            	7737.756            
8.84705             	7738.717            
8.855567            	7811.622            
8.864083            	7626.124            
8.872416            	7908.421            
8.881433            	7575.381            
8.890284            	7685.299            
8.899134            	7714.21             
8.907817            	7840.255            
8.916317            	7610.483            
8.924833            	7389.497            
8.93335             	7623.489            
8.941684            	7434.976            
8.9502              	7652.656            
8.95855             	7718.135            
8.9669              	7810.277            
8.975233            	7460.991            
8.984083            	7352.676            
8.992434            	7667.881            
9.00095             	7476.655            
9.009283            	7653.038            
9.0178              	7658.956            
9.026317            	7546.887            
9.034984            	7608.547            
9.043667            	7697.19             
9.05235             	7594.333            
9.0612              	7420.908            
9.0697              	7572.206            
9.078383            	7436.271            
9.0869              	7432.164            
9.096084            	7185.272            
9.1051              	7545.738            
9.1141              	7339.008            
9.12295             	7566.948            
9.131467            	7291.447            
9.140317            	7202.334            
9.148817            	7418.565            
9.1575              	7393.793            
9.166516            	7270.294            
9.175533            	7387.942            
9.184033            	7281.504            
9.193383            	7531.776            
9.202233            	7439.106            
9.21175             	7321.248            
9.220083            	7336.291            
9.229267            	7421.905            
9.237783            	7788.05             
9.2463              	7557.194            
9.254967            	7430.081            
9.263817            	7324.412            
9.272667            	7407.191            
9.281016            	7551.547            
9.290017            	7317.116            
9.2992              	7425.193            
9.30755             	7221.83             
9.316067            	7373.623            
9.32675             	7231.918            
9.33575             	7276.146            
9.344267            	7028.51             
9.35295             	7600.671            
9.361633            	7484.69             
9.3698              	7147.877            
9.378317            	7163.641            
9.387333            	7177.121            
9.396684            	7226.267            
9.405017            	7236.379            
9.413533            	7129.049            
9.422216            	7205.673            
9.431233            	7207.438            
9.440233            	7338.696            
9.448916            	7423.878            
9.457434            	7476.726            
9.46645             	7431.078            
9.47495             	7531.453            
9.483467            	7397.132            
9.491983            	7547.628            
9.500334            	7087.11             
9.508833            	7242.118            
9.517683            	7286.604            
9.526033            	7055.676            
9.534384            	7563.597            
9.542717            	7389.661            
9.551733            	7120.134            
9.56025             	7330.305            
9.569433            	7491.973            
9.578934            	7382.754            
9.587283            	7495.505            
9.5963              	7624.111            
9.606983            	7425.08             
9.615334            	7475.112            
9.624333            	7247.359            
9.63285             	7171.979            
9.641367            	7273.64             
9.652717            	7108.66             
9.6614              	7325.238            
9.67275             	8023.211            
9.68125             	8172.889            
9.6901              	9275.388            
9.698283            	13338.24            
9.706284            	20239.22            
9.7138              	31661.29            
9.720817            	46829.95            
9.72965             	71235.13            
9.736834            	85283.06            
9.74385             	93330.5             
9.75135             	99330.55            
9.7582              	93042.99            
9.765717            	78484.39            
9.774883            	58054.57            
9.782233            	51186.12            
9.789917            	40399               
9.79775             	34261.78            
9.804934            	29209.83            
9.81295             	25870.2             
9.820617            	26062.87            
9.828466            	20346.34            
9.83615             	19447.57            
9.84415             	17033.2             
9.852               	18910.13            
9.860517            	14672.97            
9.86885             	16287.28            
9.877367            	13629.83            
9.886217            	12381.92            
9.894234            	13240.27            
9.9029              	11360.04            
9.91125             	11197.92            
9.9191              	12867.88            
9.9276              	9655.114            
9.936283            	9656.778            
9.944966            	10680.67            
9.954483            	9747.771            
9.963               	9352.481            
9.971167            	9991.02             
9.97985             	9261.674            
9.988367            	8857.203            
9.997216            	8640.297            
10.00622            	8686.044            
10.01473            	8571.003            
10.02375            	8442.462            
10.03243            	8231.466            
10.04127            	8044.982            
10.04978            	8406.335            
10.05847            	8579.858            
10.06765            	8402.309            
10.07648            	8600.671            
10.08517            	8202.209            
10.09452            	8154.854            
10.10403            	8428.542            
10.11253            	8017.181            
10.12222            	8145.457            
10.13107            	8335.715            
10.13942            	8375.024            
10.14793            	7581.172            
10.15693            	7777.961            
10.16612            	8203.372            
10.17463            	7768.842            
10.18315            	8051.409            
10.19265            	7830.2              
10.20117            	7688.532            
10.21002            	8075.279            
10.2187             	7970.384            
10.22753            	7814.748            
10.23605            	7800.651            
10.24507            	7499.255            
10.25392            	7737.808            
10.26258            	8161.232            
10.27127            	8133.028            
10.27995            	7839.801            
10.2883             	7862.273            
10.29713            	7589.776            
10.30615            	8259.905            
10.31517            	8143.087            
10.32402            	7876.019            
10.33285            	7905.314            
10.3417             	7865.8              
10.35055            	7926.108            
10.3594             	7867.456            
10.3679             	8045.235            
10.37642            	7743.823            
10.38493            	7792.534            
10.39528            	7662.937            
10.4048             	8104.693            
10.41363            	8192.356            
10.42248            	7812.605            
10.4315             	7774.417            
10.44002            	7394.971            
10.44868            	8072.912            
10.45737            	8200.343            
10.46622            	8082.449            
10.47407            	7749.82             
10.48357            	8376.181            
10.49258            	7700.281            
10.50127            	7894.87             
10.51078            	7941.727            
10.52097            	7906.137            
10.52947            	7783.895            
10.53848            	7649.832            
10.54733            	7967.301            
10.55618            	7371.725            
10.56603            	7880.93             
10.57437            	7682.005            
10.58288            	8005.297            
10.5914             	7669.534            
10.60042            	7858.54             
10.60925            	7514.132            
10.61777            	7872.919            
10.62628            	7819.032            
10.6348             	8206.875            
10.64347            	7606.021            
10.65248            	8041.971            
10.66133            	7859.78             
10.66985            	7561.048            
10.67835            	8024.624            
10.68687            	7731.708            
10.69522            	8069.039            
10.70423            	7670.484            
10.71273            	8855.615            
10.72158            	7703.674            
10.73027            	7874.539            
10.73893            	8076.428            
10.74745            	7897.739            
10.7558             	7994.176            
10.76432            	7932.839            
10.77265            	8024.188            
10.78117            	8072.09             
10.78985            	7972.635            
10.79837            	7920.85             
10.80687            	8081.851            
10.81522            	7958.399            
10.82373            	8306.956            
10.83275            	7849.449            
10.84108            	8393.41             
10.84993            	8515.047            
10.85828            	8175.722            
10.8673             	8388.116            
10.87563            	8159.454            
10.88415            	7840.802            
10.8925             	8355.797            
10.90135            	9578.973            
10.91185            	8396.848            
10.92037            	7524.707            
10.92922            	7819.717            
10.93773            	9065.085            
10.94657            	8193.111            
10.95708            	9907.939            
10.9656             	9249.002            
10.97495            	8077.13             
10.98447            	8122.69             
10.99498            	8810.55             
11.00365            	8265.997            
11.01217            	8376.09             
11.02085            	9291.115            
11.0297             	8362.634            
11.03853            	8634.925            
11.04738            	8769.587            
11.05607            	8487.663            
11.06458            	9695.438            
11.07342            	9290.147            
11.0826             	8447.679            
11.09145            	8382.928            
11.09997            	8954.631            
11.1088             	8967.104            
11.11698            	9887.508            
11.12567            	9117.854            
11.13368            	10005.18            
11.14202            	10178.22            
11.15053            	9881.943            
11.15888            	10316.22            
11.16738            	11079.59            
11.1754             	10277.45            
11.18408            	8873.818            
11.1926             	9379.902            
11.20077            	10977.04            
11.20945            	9865.985            
11.2178             	9873.872            
11.22632            	9695.756            
11.23465            	9453.002            
11.24267            	11190.42            
11.25118            	9672.11             
11.25935            	11527.22            
11.26787            	10817.84            
11.27622            	9291.751            
11.28473            	9028.145            
11.2934             	10008.73            
11.30192            	9201.276            
11.31043            	10347.04            
11.3313             	10586.13            
11.33947            	9325.568            
11.34782            	9635.808            
11.35567            	12019.41            
11.36367            	11009.17            
11.37202            	11973.75            
11.38037            	11715.81            
11.38888            	11209.87            
11.39755            	11521.21            
11.40607            	10346.47            
11.41425            	12630.78            
11.42258            	12014.69            
11.43077            	12748.2             
11.43912            	12079.6             
11.44713            	13071.22            
11.45497            	12228.43            
11.46348            	11259               
11.47117            	13543.62            
11.47967            	11194.49            
11.48768            	13302.17            
11.4957             	12033.79            
11.5037             	13510.75            
11.51205            	11347.64            
11.52023            	12201.48            
11.52875            	12290.99            
11.53708            	13173.12            
11.54577            	12107.86            
11.55395            	13645.67            
11.56247            	12318.25            
11.5708             	13172.21            
11.57882            	12362.59            
11.58733            	11823.65            
11.59533            	12294.92            
11.60368            	12758.17            
11.6122             	12023.97            
11.61987            	13146.07            
11.62788            	13607.62            
11.63573            	13117.22            
11.64358            	13734.04            
11.65192            	12312.28            
11.6601             	12989.57            
11.66795            	14308.14            
11.67628            	11017.35            
11.68413            	12928.29            
11.69182            	13890.77            
11.70015            	13655.39            
11.70817            	13366.06            
11.71635            	11950.65            
11.72402            	14607.02            
11.7322             	12702.09            
11.74055            	13099.04            
11.7484             	13787.04            
11.75623            	13694.87            
11.76408            	14861.15            
11.77193            	13482.96            
11.77993            	13491.82            
11.78845            	13333.09            
11.79663            	14427.59            
11.80463            	14083.41            
11.81265            	14252.16            
11.82083            	13178.09            
11.82868            	14357.54            
11.83668            	12294.28            
11.84453            	13032.94            
11.85222            	13010.55            
11.86055            	13567.41            
11.8684             	12612.94            
11.87608            	14351.99            
11.88408            	13720.08            
11.89243            	13748.24            
11.90128            	15649.96            
11.91013            	11979.99            
11.9193             	15299.62            
11.92882            	14378.52            
11.93683            	12441.51            
11.94485            	13742.39            
11.95285            	12427.88            
11.9607             	14636.11            
11.96872            	13942.89            
11.97638            	13052.96            
11.98423            	13762.26            
11.99208            	13447.4             
12.00025            	13382.12            
12.00793            	13651.66            
12.01578            	12456.95            
12.02412            	12198.93            
12.03197            	13561.49            
12.03998            	12323.59            
12.04782            	12659.41            
12.05583            	13327.62            
12.06385            	14771.52            
12.0722             	12140.78            
12.07987            	14234.56            
12.08788            	14188.9             
12.09623            	13767.42            
12.10423            	12964.95            
12.11242            	14550.28            
12.1201             	13162.19            
12.12893            	10938.45            
12.13712            	14597.3             
12.14547            	13108.36            
12.15315            	13435.14            
12.16098            	15024.12            
12.16883            	12246.62            
12.17668            	13146.66            
12.18452            	13492.37            
12.19237            	11861.83            
12.20038            	13688.3             
12.20855            	13346.46            
12.21623            	14604.56            
12.22458            	11625.07            
12.23292            	13009.35            
12.24093            	13368.57            
12.24895            	14410.31            
12.25678            	13471.46            
12.2653             	10655.2             
12.27348            	13745.05            
12.28233            	13834.5             
12.29017            	14782.28            
12.30002            	13996.56            
12.30853            	12706.21            
12.31655            	13210.2             
12.32438            	12801.95            
12.3324             	14045.41            
12.34042            	13058.06            
12.34892            	12540.9             
12.3571             	12411.45            
12.36495            	12994.63            
12.37347            	11159.26            
12.3813             	13690.91            
12.38982            	11940.14            
12.39767            	13296.17            
12.40783            	12185.01            
12.41585            	12253.84            
12.42587            	13610.83            
12.43422            	14853.57            
12.44222            	14957.76            
12.45057            	12588.18            
12.45825            	13072.38            
12.4666             	13328.09            
12.4741             	13378.52            
12.48412            	13020.19            
12.49247            	14374.26            
12.50063            	12352.38            
12.50865            	14386.23            
12.51683            	13910.15            
12.52468            	13758.88            
12.53335            	11565.7             
12.54103            	14240.17            
12.54888            	13853.49            
12.55722            	12668.34            
12.5654             	12498.73            
